0	0	0	0	0	0	0	0	0	0	200000
100	10364	10947	8783	376	2839	1745	3111	109	151	200000
300	34585	33852	33252	2399	11873	12645	33500	1326	699	200000
500	85206	75626	78673	6512	23672	21005	26725	3295	1819	200000
800	209303	206213	201178	13318	44700	38305	60882	8315	4624	200000
1000	291581	306817	308984	15412	66117	54076	89854	12229	7275	200000
1300	521955	513622	505358	22989	108015	80542	141851	10341	12114	200000
1500	661877	662200	688039	28016	146153	110089	182348	15858	15691	200000
1800	876299	891076	957603	41626	198418	156469	267807	17082	11039	200000	
2000	1084232	1084707	1180780	46073	251898	192846	328574	25116	19170	200000
